Date,Open,High,Low,Close,Adj Close,Volume,MA5,MA20,MA60
2021-01-04,175.0,176.199997,170.550003,171.869995,161.677673,2996200,,,
2021-01-05,172.009995,173.25,170.649994,171.580002,161.404846,2295300,,,
2021-01-06,172.720001,175.570007,172.039993,174.190002,163.860077,3346400,,,
2021-01-07,171.559998,173.460007,166.160004,169.720001,159.655182,5863400,,,
2021-01-08,169.169998,169.539993,164.610001,166.619995,156.738998,4808100,170.795999,,
2021-01-11,166.100006,167.139999,165.0,165.199997,155.403229,2736600,169.4619994,,
2021-01-12,165.899994,167.179993,164.080002,166.509995,156.635529,2949100,168.44799799999998,,
2021-01-13,167.270004,167.740005,166.050003,166.279999,156.419174,2098000,166.8659974,,
2021-01-14,167.270004,167.360001,165.229996,166.410004,156.541458,2895400,166.203998,,
2021-01-15,165.630005,166.259995,163.380005,165.550003,155.732468,3550700,165.98999959999998,,
2021-01-19,167.259995,169.550003,166.800003,169.119995,159.090759,3903200,166.7739992,,
2021-01-20,169.039993,170.580002,168.429993,170.220001,160.125504,2672300,167.5160004,,
2021-01-21,170.220001,171.490005,169.389999,170.669998,160.548843,2688200,168.3940002,,
2021-01-22,170.199997,170.199997,167.240005,169.039993,159.015488,2349300,168.91999800000002,,
2021-01-25,168.880005,172.490005,168.229996,170.389999,160.285431,3353100,169.8879972,,
2021-01-26,173.779999,176.839996,172.080002,175.949997,165.515717,5148900,171.2539976,,
2021-01-27,177.309998,187.270004,177.160004,186.649994,175.581161,8097000,174.5399962,,
2021-01-28,185.0,186.580002,182.580002,183.419998,172.542725,4153700,177.0899962,,
2021-01-29,182.289993,182.979996,174.869995,175.660004,165.242905,4217200,178.4139984,,
2021-02-01,175.970001,177.110001,173.970001,174.699997,164.339844,2569700,179.275998,171.48749845,
2021-02-02,176.25,177.529999,174.850006,175.020004,164.640869,2844400,179.0899994,171.6449989,
2021-02-03,175.380005,177.440002,173.550003,175.479996,165.073593,2874200,176.8559998,171.8399986,
2021-02-04,175.789993,177.289993,175.509995,177.100006,166.597534,1833000,175.5920014,171.98549880000002,
2021-02-05,177.600006,179.229996,176.699997,179.009995,168.394257,1822400,176.2619996,172.4499985,
2021-02-08,179.300003,180.869995,179.169998,180.759995,170.040466,2355100,177.47399920000004,173.1569985,
2021-02-09,181.220001,181.899994,180.179993,180.940002,170.209793,1942800,178.6579988,173.94399875,
2021-02-10,181.880005,182.380005,180.639999,181.080002,170.341507,1929000,179.778,174.67249909999998,
2021-02-11,179.350006,179.880005,175.839996,177.210007,168.074707,2188400,179.80000019999997,175.2189995,
2021-02-12,177.270004,178.839996,177.210007,178.699997,169.4879,1081500,179.73800060000002,175.83349915,
2021-02-16,179.0,179.690002,176.320007,176.630005,167.524612,1834000,178.9120026,176.38749925,
2021-02-17,176.050003,177.300003,175.139999,176.649994,167.543564,1578100,178.054001,176.7639992,
2021-02-18,177.25,179.669998,176.149994,179.369995,170.123367,2087100,177.71199959999998,177.2214989,
2021-02-19,179.570007,180.770004,176.199997,176.539993,167.439224,2986800,177.5779968,177.51499865,
2021-02-22,176.460007,177.089996,175.009995,176.119995,167.040894,2271500,177.0619964,177.86899875,
2021-02-23,177.539993,177.539993,174.710007,176.169998,167.088303,2352300,176.96999499999998,178.15799869999998,
2021-02-24,176.0,177.979996,173.759995,177.630005,168.473053,2742600,177.1659972,178.2419991,
2021-02-25,177.520004,180.75,177.429993,178.759995,169.544785,2634300,177.0439972,177.84749915,
2021-02-26,179.440002,179.449997,174.610001,175.059998,166.035538,3363300,176.7479982,177.42949915,
2021-03-01,175.699997,177.5,175.699997,176.410004,167.315933,1840000,176.80599999999998,177.46699915000002,
2021-03-02,177.0,177.789993,174.789993,177.110001,167.979843,2272400,176.9940006,177.58749935,
2021-03-03,177.429993,180.020004,176.800003,178.059998,168.88089,2267800,177.0799992,177.73949905,
2021-03-04,179.289993,180.179993,174.070007,177.630005,168.473053,3535700,176.8540012,177.84699949999998,
2021-03-05,178.449997,181.559998,176.949997,180.800003,171.47963,2262800,178.00200220000002,178.03199935,
2021-03-08,180.990005,185.699997,180.929993,183.770004,174.296524,2574900,179.47400220000003,178.2699998,
2021-03-09,183.5,184.149994,181.020004,181.179993,171.840042,2842100,180.2880006,178.2909997,
2021-03-10,182.369995,185.380005,181.410004,184.509995,174.998383,2370700,181.578,178.46949935000004,
2021-03-11,183.130005,185.070007,182.100006,184.570007,175.055298,2377300,182.9660004,178.6439996,
2021-03-12,185.610001,186.210007,184.270004,184.919998,175.387238,2691600,183.7899994,179.02949915,
2021-03-15,186.029999,189.630005,185.710007,189.479996,179.712158,3300000,184.9319978,179.5684991,
2021-03-16,188.0,188.460007,185.979996,186.850006,177.217758,2264000,186.0660004,180.07949915,
2021-03-17,187.330002,189.990005,187.050003,188.300003,178.593002,2585100,186.824002,180.6619996,
2021-03-18,188.600006,192.089996,188.600006,191.0,181.153809,3050500,188.11000059999998,181.24349984999998,
2021-03-19,190.600006,191.0,188.690002,188.710007,178.981888,6678900,188.8680024,181.85200055,
2021-03-22,188.259995,189.759995,187.009995,189.470001,179.702698,2605300,188.8660034,182.51950085000001,
2021-03-23,188.770004,191.710007,187.899994,188.330002,178.621445,2768700,189.1620026,183.12750105,
2021-03-24,188.429993,192.740005,188.080002,190.690002,180.859787,2829200,189.64000240000001,183.78050090000002,
2021-03-25,191.639999,193.360001,190.169998,193.100006,183.145569,2221000,190.06000360000002,184.49750145,
2021-03-26,193.009995,194.949997,192.210007,194.880005,184.833786,2677600,191.2940032,185.48850180000002,
2021-03-29,193.619995,196.720001,193.509995,195.740005,185.64946,2601800,192.548004,186.45500184999997,
2021-03-30,194.979996,196.630005,193.880005,194.639999,184.606155,1876700,193.8100034,187.33150174999997,178.80216651666666
2021-03-31,193.940002,194.429993,192.050003,192.679993,182.747192,2426900,194.2080016,188.0625015,179.14899981666667
2021-04-01,193.25,193.919998,190.839996,192.699997,182.766174,1902100,194.1279998,188.8160011,179.50099973333332
2021-04-05,193.889999,195.949997,193.710007,194.970001,184.919159,1963000,194.14599900000002,189.524501,179.84733305000003
2021-04-06,195.0,195.610001,193.990005,194.839996,184.795853,1472700,193.9659972,190.0780006,180.2659996333333
2021-04-07,194.160004,195.350006,193.919998,194.949997,184.900192,1501500,194.0279968,190.7665008,180.73816633333334
2021-04-08,194.419998,196.669998,194.029999,195.720001,185.630493,2391800,194.6359984,191.3270011,181.24683306666668
2021-04-09,196.059998,198.960007,196.059998,198.0,187.792969,2159600,195.695999,191.99850075,181.77166648333335
2021-04-12,198.199997,199.289993,197.059998,197.830002,187.631744,1682100,196.2679992,192.64400095000002,182.29749986666667
2021-04-13,196.009995,197.330002,195.369995,196.470001,186.341843,2259700,196.5940002,192.99350120000003,182.79849981666666
2021-04-14,195.550003,197.389999,195.020004,196.75,186.607391,1575000,196.9540008,193.48850090000002,183.31849976666666
2021-04-15,197.279999,197.809998,195.910004,197.479996,187.299774,1461600,197.3059998,193.94750055,183.79116644999996
2021-04-16,198.720001,199.669998,197.979996,198.580002,188.343079,2769500,197.4220002,194.32650065,184.26383313333332
2021-04-19,198.110001,198.690002,196.669998,198.589996,188.352554,2200500,197.57399900000001,194.8205001,184.72916643333335
2021-04-20,198.940002,199.350006,197.440002,198.300003,188.077499,1653100,197.9399994,195.2620002,185.21683326666667
2021-04-21,198.300003,201.5,198.119995,200.880005,190.524475,2649000,198.7660004,195.88950035,185.72500003333334
2021-04-22,200.669998,202.169998,200.179993,200.899994,190.543457,2215800,199.45,196.39999995,186.14083331666663
2021-04-23,201.0,203.160004,200.990005,202.199997,191.776443,1864100,200.173999,196.8549995,186.40000003333336
2021-04-26,202.979996,202.990005,199.580002,199.630005,189.338943,2578900,200.38200080000001,197.09249949999997,186.67016681666666
2021-04-27,191.509995,195.860001,188.630005,194.449997,184.425949,5225000,199.6119996,197.02799910000002,186.98333336666664
2021-04-28,195.0,197.309998,194.809998,195.929993,185.829666,2516900,198.6219972,197.0924988,187.3371666333333
2021-04-29,196.809998,199.410004,196.270004,199.050003,188.788834,1887000,198.251999,197.41099930000001,187.73766661666664
2021-04-30,197.660004,198.990005,196.130005,197.139999,186.977295,2507100,197.2399994,197.63299940000002,188.09866666666667
2021-05-03,197.990005,199.470001,196.660004,198.610001,188.371521,1779800,197.0359986,197.8149994,188.45716658333333
2021-05-04,198.490005,199.559998,197.539993,199.380005,189.101807,1879000,198.0220002,198.04199985,188.79666675
2021-05-05,200.0,201.720001,197.880005,201.440002,191.055634,2018500,199.124002,198.3665001,189.14133353333332
2021-05-06,201.279999,202.509995,200.460007,202.410004,191.975616,1840600,199.7960022,198.70100025000002,189.4991669
2021-05-07,202.309998,203.869995,201.240005,203.070007,192.601593,1843600,200.9820038,198.95450060000002,189.86566698333334
2021-05-10,205.0,208.949997,204.059998,207.330002,196.641998,3212700,202.72600400000002,199.4295006,190.36766690000002
2021-05-11,206.600006,206.910004,202.399994,203.720001,193.218094,2552500,203.5940032,199.7920006,190.78466696666666
2021-05-12,203.589996,203.699997,198.770004,198.869995,188.618103,2230600,203.0800018,199.89800035,191.1553334666667
2021-05-13,198.639999,204.039993,198.389999,203.410004,192.924072,1684300,203.28000179999998,200.19450075,191.60133363333335
2021-05-14,204.0,205.119995,203.009995,204.380005,193.844086,1475400,203.5420014,200.4845009,192.01816713333332
2021-05-17,204.600006,205.350006,203.690002,205.110001,194.536423,1532700,203.0980012,200.81050115,192.4943339333333
2021-05-18,204.990005,205.179993,202.809998,203.029999,192.56366,1771800,202.96000080000002,201.04700095,192.942834
2021-05-19,201.910004,202.699997,199.330002,202.600006,192.155838,2220200,203.706003,201.133001,193.38333413333334
2021-05-20,201.089996,202.190002,200.5,201.649994,192.662201,1412500,203.35400099999998,201.170501,193.78366728333333
2021-05-21,201.710007,203.759995,201.080002,201.860001,192.862823,1537200,202.8500002,201.1535012,194.16866738333331
2021-05-24,202.800003,203.520004,201.919998,202.610001,193.579422,1529200,202.3500002,201.302501,194.62783410000003
2021-05-25,202.850006,203.0,201.369995,201.710007,192.719528,1519400,202.08600180000002,201.6655015,195.04950081666667
2021-05-26,201.199997,201.789993,200.300003,201.580002,192.595322,1847300,201.882001,201.94800195,195.4573341666667
2021-05-27,203.0,203.979996,202.619995,203.240005,194.181351,2457600,202.2000032,202.15750205,195.87700095
2021-05-28,203.880005,204.389999,202.800003,203.039993,193.990265,1741200,202.4360016,202.45250174999998,196.30050075000003
2021-06-01,204.979996,205.089996,202.550003,203.199997,194.143112,1567300,202.55400079999998,202.68200155,196.67383398333334
2021-06-02,203.729996,203.970001,202.360001,203.289993,194.22908,1877400,202.86999799999998,202.87750094999998,196.99916713333334
2021-06-03,202.5,204.669998,201.809998,203.669998,194.592178,1902100,203.2879972,202.98900075,197.37400055
2021-06-04,204.110001,206.119995,203.770004,206.050003,196.866089,1868600,203.84999679999999,203.17100069999998,197.73300068333336
2021-06-07,206.350006,206.809998,203.309998,203.729996,194.649506,1531100,203.98799739999998,203.20400015,198.05233383333334
2021-06-08,202.0,204.039993,201.139999,203.589996,194.515732,1701400,204.06599720000003,203.01699985,198.36350046666666
2021-06-09,203.559998,203.570007,201.940002,202.740005,193.703629,1707600,203.9559996,202.96800005,198.5845006166667
2021-06-10,204.149994,204.970001,202.779999,203.130005,194.076248,1953100,203.848001,203.18100055,198.85583393333334
2021-06-11,203.759995,204.899994,201.520004,202.809998,193.770508,1696300,203.2,203.15100024999998,199.09766718333333
2021-06-14,202.289993,203.589996,200.419998,201.360001,192.385132,1745900,202.726001,203.00000004999998,199.27033386666665
2021-06-15,201.800003,201.860001,199.529999,200.610001,191.668564,1709900,202.13000200000002,202.77500005,199.4686671
2021-06-16,200.570007,200.990005,196.809998,196.910004,188.133484,2219700,200.9640018,202.4690003,199.59266715
2021-06-17,196.800003,197.5,193.0,195.139999,186.442368,2584900,199.3660006,202.09599995,199.70616710000002
2021-06-18,193.039993,193.570007,191.529999,191.600006,183.06015,5054600,197.1240022,201.59350055,199.72133383333332
2021-06-21,193.589996,196.630005,193.589996,195.210007,186.509247,2528400,195.89400339999997,201.26100085000002,199.75650051666665
2021-06-22,194.75,196.050003,194.100006,195.139999,186.442368,1772600,194.80000299999998,200.88750075000002,199.76083375000002
2021-06-23,194.800003,195.419998,192.279999,192.360001,183.786255,2976500,193.89000240000001,200.42000045,199.70450034999996
2021-06-24,193.300003,193.740005,191.639999,193.259995,184.646164,2191800,193.51400159999997,200.0040001,199.68150028333332
2021-06-25,193.419998,195.330002,193.300003,194.75,186.069748,6175500,194.1440004,199.57949985,199.7160004
2021-06-28,195.759995,196.919998,194.389999,196.5,187.741745,2100500,194.40199900000002,199.25250020000001,199.77933378333333
2021-06-29,196.199997,197.830002,195.720001,196.029999,187.292694,1858000,194.57999900000002,198.8940003,199.79700041666666
2021-06-30,195.899994,198.979996,195.539993,198.630005,189.776825,2592000,195.8339998,198.6610009,199.86016723333336
2021-07-01,199.449997,199.669998,197.75,199.089996,190.216309,1857900,197.00000000000003,198.4320008,199.92916721666668
2021-07-02,198.729996,200.289993,197.940002,199.889999,190.980652,1612900,198.0279998,198.1240006,199.99866718333334
2021-07-06,196.410004,197.779999,194.759995,196.889999,188.114365,2546400,198.1059996,197.78200075,199.98016716666663
2021-07-07,196.130005,200.059998,196.130005,199.860001,190.951981,1695000,198.872,197.59550099999998,200.01400048333335
2021-07-08,198.5,199.550003,197.320007,198.270004,189.432846,2167100,198.7999998,197.37200095,200.04400053333336
2021-07-09,199.699997,201.899994,199.25,201.0,192.041168,2446100,199.18200059999998,197.2655007,200.1148338666667
2021-07-12,198.100006,201.460007,197.899994,199.979996,191.06662,2164000,199.2,197.1240006,200.15650053333334
2021-07-13,200.089996,201.130005,199.149994,199.600006,190.703583,1688300,199.7420014,197.03600085,200.17350059999998
2021-07-14,200.580002,203.179993,200.009995,202.830002,193.789612,2457700,200.3360016,197.14700090000002,200.24416736666666
2021-07-15,201.429993,202.770004,200.529999,202.589996,193.560303,2138700,201.2,197.4310005,200.31566725
2021-07-16,203.119995,203.210007,198.910004,199.369995,190.48381,2474100,200.873999,197.6425003,200.29050041666667
2021-07-19,197.789993,198.539993,195.110001,197.559998,188.754501,3146300,200.3899994,197.94049990000002,200.23483381666668
2021-07-20,198.339996,202.220001,198.070007,200.820007,191.869202,2783300,200.63399959999998,198.22099989999998,200.21183398333332
2021-07-21,201.130005,202.880005,199.960007,200.770004,191.821426,1999100,200.22199999999998,198.50250015,200.23083396666667
2021-07-22,201.509995,201.649994,198.679993,199.070007,190.197205,1700500,199.5180022,198.83800045,200.30783413333336
2021-07-23,200.509995,201.039993,198.940002,200.490005,191.553909,1570700,199.7420042,199.19950095000002,200.38383433333334
2021-07-26,200.449997,202.740005,199.929993,201.669998,192.681305,2409200,200.5640042,199.54550085,200.42750091666667
2021-07-27,197.210007,201.059998,194.910004,200.470001,191.53479,2999900,200.494003,199.7440009,200.48300095
2021-07-28,199.320007,200.369995,198.100006,198.279999,189.442413,2139100,199.996002,199.85650090000001,200.47750091666666
2021-07-29,200.0,200.0,197.940002,198.169998,189.337296,2120200,199.81600020000002,199.83350055,200.45733413333335
2021-07-30,198.0,199.240005,197.199997,197.940002,189.117554,1910300,199.3059996,199.77600085,200.3990008
2021-08-02,199.070007,200.699997,197.440002,197.520004,188.716278,1332500,198.47600079999998,199.65750110000002,200.3175008
2021-08-03,198.539993,202.210007,197.399994,201.029999,192.069839,2208200,198.5880004,199.8645011,200.2835006666667
2021-08-04,200.399994,200.809998,197.199997,197.529999,188.72583,2057000,198.4380004,199.748001,200.12016728333336
2021-08-05,198.550003,199.119995,197.289993,197.800003,188.983795,1575200,198.3640014,199.72450095000002,200.02150064999998
2021-08-06,198.179993,199.25,197.550003,198.130005,189.299103,1116200,198.402002,199.5810012,200.00916748333333
2021-08-09,197.649994,198.149994,196.779999,197.429993,188.63028,1193300,198.3839998,199.45350105,199.90950063333332
2021-08-10,198.240005,199.490005,197.699997,199.25,190.369156,1598400,198.028,199.43600075,199.82400055000002
2021-08-11,200.0,201.770004,199.309998,201.570007,192.58577,2217400,198.8360016,199.373001,199.76500065
2021-08-12,201.479996,202.369995,200.360001,201.429993,192.451996,1231800,199.56199959999998,199.31500085,199.73833388333333
2021-08-13,201.229996,201.710007,200.289993,200.580002,191.639893,1910700,200.051999,199.3755012,199.70466715000003
2021-08-16,201.089996,202.770004,200.380005,202.320007,193.302353,1607000,201.03000179999998,199.61350165,199.71583403333335
2021-08-17,202.0,202.0,197.600006,199.550003,190.655807,2287900,201.0900024,199.55000145000002,199.67733406666667
2021-08-18,198.570007,198.809998,196.309998,196.509995,187.751297,2116100,200.078,199.33700100000001,199.5756673
2021-08-19,195.0,196.229996,194.309998,195.360001,186.652573,2312800,198.8640016,199.15150069999999,199.46983386666668
2021-08-20,194.339996,195.130005,193.369995,194.160004,186.922134,2397400,197.58000199999998,198.83500064999998,199.34616723333332
2021-08-23,195.0,196.240005,193.679993,194.679993,187.422714,1974300,196.0519992,198.4855004,199.20350036666665
2021-08-24,194.820007,196.100006,194.339996,194.75,187.490128,1392400,195.09199859999998,198.19950035,199.06533381666665
2021-08-25,194.520004,195.050003,192.720001,194.339996,187.095413,1612600,194.6579988,198.00250020000001,198.91766713333334
2021-08-26,194.190002,195.389999,193.660004,195.320007,188.038879,1457300,194.65,197.86000065000002,198.78483403333334
2021-08-27,196.0,196.660004,194.119995,195.050003,187.778946,2146500,194.8279998,197.71550069999998,198.64116745
2021-08-30,195.179993,197.289993,194.770004,196.169998,188.857178,1263900,195.1260008,197.6480004,198.4765007
2021-08-31,195.850006,195.990005,194.149994,194.740005,187.480484,2813900,195.12400180000003,197.3335007,198.32666751666665
2021-09-01,194.550003,194.75,192.940002,193.440002,186.228958,1925400,194.944003,197.12900085,198.15750095
2021-09-02,194.070007,194.919998,193.470001,194.889999,187.624908,2094500,194.85800139999998,196.98350065,198.02666751666666
2021-09-03,194.460007,195.610001,193.630005,194.389999,187.143524,1464500,194.7260006,196.79650035,197.88100075
2021-09-07,192.919998,194.570007,185.559998,185.580002,178.661942,5882300,192.60800139999998,196.2040008,197.59383415
2021-09-08,185.639999,188.399994,185.020004,187.889999,180.885864,3657300,191.2380002,195.63600075,197.3693341166667
2021-09-09,187.539993,188.509995,185.059998,185.75,178.825623,3038500,189.6999998,194.84500039999998,197.12166743333333
2021-09-10,186.860001,187.229996,184.5,184.550003,177.670364,2231500,187.6320006,194.0010009,196.91566741666665
2021-09-13,185.300003,187.919998,183.600006,185.229996,178.324997,5046500,185.8,193.2335006,196.75050069999998
2021-09-14,185.649994,186.0,181.679993,182.419998,175.619751,3324100,185.1679992,192.23850015,196.5975005666667
2021-09-15,182.820007,185.110001,182.330002,184.190002,177.323776,2554500,184.4279998,191.47050009999998,196.41383381666668
2021-09-16,184.149994,184.600006,181.820007,182.660004,175.8508,2553600,183.8100006,190.77800055,196.2058339
2021-09-17,181.089996,182.660004,179.410004,181.490005,174.724442,10719300,183.198001,190.08450075000002,196.02466730000003
2021-09-20,178.639999,181.740005,178.289993,180.529999,173.800201,4152100,182.2580016,189.40300050000002,195.8125007
2021-09-21,180.970001,181.080002,177.699997,178.419998,171.76886,2980100,181.4580016,188.59000075,195.540334
2021-09-22,179.309998,180.949997,178.940002,179.839996,173.135925,2220800,180.5880004,187.84450055,195.26266726666665
2021-09-23,180.149994,182.850006,180.0,181.529999,174.762955,2186500,180.3619994,187.2040007,195.0210006
2021-09-24,181.5,182.070007,180.619995,181.039993,174.291199,2076900,180.271997,186.49,194.7278337333333
2021-09-27,180.830002,183.160004,180.809998,181.789993,175.013245,2052100,180.5239958,185.8269995,194.43950035
2021-09-28,181.820007,182.850006,179.770004,180.050003,173.338104,2290400,180.8499968,185.02099975,194.10883375
2021-09-29,179.919998,181.389999,179.169998,180.880005,174.137177,1674800,181.05799860000002,184.32799975,193.84200051666667
2021-09-30,181.720001,182.059998,175.369995,175.419998,168.880692,3235600,179.8359984,183.42699955,193.43466713333333
2021-10-01,176.25,177.410004,174.220001,176.679993,170.093719,2419300,178.96399839999998,182.51649924999998,193.07483361666667
2021-10-04,174.149994,177.100006,173.779999,176.039993,169.4776,3010100,177.8139984,181.59899894999998,192.65883350000001
2021-10-05,176.179993,178.610001,175.570007,177.880005,171.249023,1888300,177.3799988,181.2139991,192.29050031666665
2021-10-06,176.630005,178.550003,175.520004,178.399994,171.749603,2057600,176.8839966,180.73949885000002,191.93716678333334
2021-10-07,180.0,180.779999,177.699997,177.800003,171.171982,2878100,177.35999759999999,180.34199900000002,191.52000013333333
2021-10-08,177.570007,178.100006,176.779999,176.949997,170.353668,2469500,177.41399840000003,179.9619987,191.09266681666665
2021-10-11,178.020004,178.600006,176.199997,176.279999,169.708649,2691100,177.46199959999998,179.51449885,190.70783355
2021-10-12,176.300003,176.889999,175.130005,175.529999,168.986603,2155900,176.9919984,179.1699989,190.3406669
2021-10-13,175.610001,178.399994,175.039993,177.169998,170.56546,2030500,176.7459992,178.8189987,189.94650008333332
2021-10-14,178.0,180.399994,177.949997,180.320007,173.598038,2279200,177.25,178.70199885,189.6056668
2021-10-15,180.690002,183.0,180.679993,181.940002,175.157654,2160800,178.248001,178.7244987,189.32016671666668
2021-10-18,180.789993,181.919998,179.339996,181.720001,174.945847,1753300,179.33600140000001,178.7839988,189.00733331666666
2021-10-19,182.440002,182.850006,181.639999,182.309998,175.51384,1394100,180.6920012,178.9784988,188.68466665
2021-10-20,182.589996,183.179993,182.039993,182.419998,175.619751,1788500,181.7420012,179.1074989,188.3838332666667
2021-10-21,182.850006,183.029999,180.520004,182.119995,175.330948,1661000,182.1019988,179.1369987,188.11449986666668
2021-10-22,182.570007,183.289993,180.779999,180.800003,174.06015,2630900,181.873999,179.1249992,187.82499994999998
2021-10-25,180.5,182.949997,179.449997,182.399994,175.600494,2705100,182.0099976,179.15549925,187.56599981666665
2021-10-26,181.070007,183.820007,179.169998,182.160004,175.369446,3135600,181.9799988,179.2609993,187.30999981666668
2021-10-27,182.270004,182.339996,178.080002,178.240005,171.595581,2627000,181.1440002,179.1289993,186.93016658333332
2021-10-28,178.25,180.009995,178.240005,179.869995,173.16481,1944900,180.6940002,179.35149915,186.63583318333332
2021-10-29,179.710007,180.910004,178.119995,178.679993,172.019165,2559500,180.26999819999997,179.45149915,186.31716635000004
2021-11-01,178.529999,179.740005,177.509995,179.580002,172.885635,2010500,179.7059998,179.6284996,186.00799963333333
2021-11-02,179.990005,182.100006,179.610001,181.970001,175.186539,2213000,179.6679992,179.8329994,185.75033309999998
2021-11-03,181.789993,182.619995,179.979996,182.229996,175.436844,1983400,180.4659974,180.0244995,185.46666636666666
2021-11-04,182.470001,182.960007,180.240005,180.610001,173.877243,2051400,180.6139986,180.1649994,185.11733293333333
2021-11-05,182.119995,183.820007,180.949997,181.800003,175.022873,1814300,181.23800060000002,180.4074997,184.79016643333335
2021-11-08,182.660004,183.429993,180.270004,181.539993,174.772552,1855900,181.6299988,180.67049939999998,184.47283295
2021-11-09,181.369995,182.570007,180.449997,181.330002,174.570404,1782400,181.501999,180.96049955,184.1229995333333
2021-11-10,181.330002,182.839996,180.0,182.419998,175.619751,1712600,181.5399994,181.22299955,183.83749945000002
2021-11-11,183.009995,183.039993,179.509995,180.210007,173.492142,1986700,181.4600006,181.21749955,183.56583298333334
2021-11-12,180.949997,186.300003,180.289993,183.660004,176.813538,4404700,181.8320008,181.30349965,183.37083303333333
2021-11-15,184.089996,185.039993,182.899994,183.309998,176.476578,1463400,182.18600179999999,181.3829995,183.18999960000002
2021-11-16,183.309998,184.199997,182.699997,183.369995,176.534332,1975000,182.59400039999997,181.43599935,183.00149963333334
2021-11-17,183.369995,183.869995,181.630005,183.339996,176.505478,2251100,182.778,181.48199925,182.8113329
2021-11-18,182.110001,182.539993,178.690002,178.770004,173.506454,2532800,182.4899994,181.3144997,182.55183303333334
2021-11-19,179.440002,180.809998,178.119995,179.229996,173.952896,2482600,181.6039978,181.23599935000001,182.28366618333334
2021-11-22,179.25,182.279999,178.779999,179.660004,174.370239,2371900,180.87399899999997,181.09899984999998,182.02716619999998
2021-11-23,180.610001,181.320007,178.649994,179.460007,174.176132,1944200,180.09200140000002,180.964,181.74866634999998
2021-11-24,178.970001,179.5,177.539993,177.630005,172.400009,1488500,178.9500032,180.9335,181.46349968333334
2021-11-26,174.520004,176.830002,173.399994,175.520004,170.352142,1912300,178.3000032,180.71600045,181.16483305000003
2021-11-29,176.470001,176.830002,174.979996,176.229996,171.041214,2324500,177.7000032,180.59350060000003,180.853833
2021-11-30,174.699997,175.860001,169.940002,170.039993,165.033478,5340500,175.776001,180.11650015,180.44799956666668
2021-12-01,172.550003,174.649994,170.699997,170.729996,165.703171,3255600,174.0299988,179.5544999,180.20049946666668
2021-12-02,171.539993,172.779999,169.869995,170.259995,165.246994,3367100,172.5559968,178.95599984999998,179.90666606666667
2021-12-03,169.899994,172.910004,169.179993,172.589996,167.508392,3018900,171.96999520000003,178.5549996,179.68733266666666
2021-12-06,174.520004,178.279999,174.0,177.199997,171.982666,3418600,172.16399540000003,178.3249993,179.56483256666667
2021-12-07,177.110001,178.339996,176.179993,176.550003,171.351807,2322800,173.4659974,178.07549980000002,179.42016601666668
2021-12-08,176.5,176.830002,174.429993,176.039993,170.856827,1928000,174.5279968,177.81099935,179.31383259999998
2021-12-09,176.490005,177.399994,175.639999,175.940002,170.759781,1758600,175.6639982,177.48699955,179.1763326
2021-12-10,177.940002,177.940002,176.110001,177.100006,171.88562,1543600,176.56600020000002,177.3314995,179.08366596666667
2021-12-13,177.0,177.369995,174.410004,174.580002,169.439804,2529900,176.04200120000002,176.8774994,178.96849925
2021-12-14,174.850006,176.600006,174.25,174.720001,169.575684,2327500,175.6760008,176.44799955000002,178.87166595000002
2021-12-15,175.080002,176.220001,173.880005,175.779999,170.604477,2139900,175.62400200000002,176.06849975,178.82766596666667
2021-12-16,176.710007,178.940002,174.820007,178.309998,173.059967,2250000,176.0980012,175.81699985,178.802166
2021-12-17,177.860001,178.320007,174.339996,174.75,169.604797,4012700,175.628,175.61599965,178.68916601666666
2021-12-20,173.210007,173.880005,170.960007,172.639999,167.556931,1981400,175.2399994,175.2864998,178.54916611666667
2021-12-21,173.440002,173.990005,172.220001,172.919998,167.82869,1994100,174.8799988,174.9494995,178.40133286666665
2021-12-22,172.919998,173.229996,171.550003,172.639999,167.556931,2022000,174.2519988,174.60849910000002,178.2778328
2021-12-23,172.990005,175.619995,172.779999,174.970001,169.818329,1955700,173.58399939999998,174.4754989,178.17933273333335
2021-12-27,175.149994,176.729996,174.910004,176.699997,171.497375,1183000,173.97399879999998,174.53449855,178.20066605
2021-12-28,176.839996,178.5,176.75,177.639999,172.409698,1618900,174.97399879999998,174.60499869999998,178.21666615
2021-12-29,177.479996,178.889999,177.229996,178.410004,173.157059,1221900,176.072,175.02349925,178.2561663333333
2021-12-30,178.869995,179.179993,177.580002,177.639999,172.409698,1067300,177.072,175.36899939999998,178.25216623333333
2021-12-31,177.529999,178.350006,176.509995,177.630005,172.400009,1414600,177.6040008,175.73749990000002,178.23933308333335
